% MKT4834 - HW3: Tire Modeling

% --- 1. Extracting data from an Excel file --- % 

% VERTICAL LOADS [N]
Fz1 = 3000;  
Fz2 = 5000;  
Fz3 = 7000;  
% LONGITUDINAL FORCE DATA (Fx vs slip ratio 's')
% Slip ratio (s) 
s_Fx = [-1, -0.9, -0.8, -0.7, -0.6, -0.5, -0.4, -0.3, -0.2, -0.1, -0.06, -0.04, -0.03, -0.02, -0.01, 0, 0.01, 0.02, 0.03, 0.04, 0.06, 0.1, 0.2, 0.3, 0.4, 0.5, 0.6, 0.7, 0.8, 0.9, 1];
% Fx values 
Fx_3000 = [-2836.87, -2878.21, -2928.14, -2989.40, -3065.79, -3162.28, -3283.66, -3424.53, -3505.35, -2974.00, -2167.04, -1554.50, -1198.34, -815.24, -412.72, 0, 412.72, 815.24, 1198.34, 1554.50, 2167.04, 2974.00, 3505.35, 3424.53, 3283.66, 3162.28, 3065.79, 2989.40, 2928.14, 2878.21, 2836.87];
Fx_5000 = [-4879.09, -4947.88, -5029.26, -5126.68, -5244.73, -5389.09, -5565.14, -5769.16, -5936.04, -5520.29, -4486.02, -3443.27, -2739.01, -1912.14, -984.74, 0, 984.74, 1912.14, 2739.01, 3443.27, 4486.02, 5520.29, 5936.04, 5769.16, 5565.14, 5389.09, 5244.73, 5126.68, 5029.26, 4947.88, 4879.09];
Fx_7000 = [-6895.29, -6986.58, -7094.18, -7222.55, -7377.69, -7567.47, -7801.03, -8083.11, -8376.89, -8263.30, -7354.70, -6103.59, -5076.60, -3695.62, -1962.85, 0, 1962.85, 3695.62, 5076.60, 6103.59, 7354.70, 8263.30, 8376.89, 8083.11, 7801.03, 7567.47, 7377.69, 7222.55, 7094.18, 6986.58, 6895.29];
% LATERAL FORCE DATA (Fy vs slip angle 'alpha')
% Slip angle
alpha_Fy = [15, 14, 13, 12, 11, 10, 9, 8, 7, 6, 5, 4, 3, 2, 1, 0, -1, -2, -3, -4, -5, -6, -7, -8, -9, -10, -11, -12, -13, -14, -15];
% Fy values
Fy_3000 = [3335.17, 3322.18, 3305.76, 3284.93, 3258.36, 3224.20, 3179.78, 3121.18, 3042.40, 2933.94, 2780.25, 2555.25, 2215.86, 1698.99, 947.39, 0, -947.39, -1698.99, -2215.86, -2555.25, -2780.25, -2933.94, -3042.40, -3121.18, -3179.78, -3224.20, -3258.36, -3284.93, -3305.76, -3322.18, -3335.17];
Fy_5000 = [5321.36, 5318.87, 5312.93, 5302.03, 5283.93, 5255.27, 5210.95, 5143.03, 5038.94, 4878.61, 4629.80, 4241.92, 3641.46, 2742.22, 1497.99, 0, -1497.99, -2742.22, -3641.46, -4241.92, -4629.80, -4878.61, -5038.94, -5143.03, -5210.95, -5255.27, -5283.93, -5302.03, -5312.93, -5318.87, -5321.36];
Fy_7000 = [7009.17, 7015.88, 7020.23, 7020.66, 7014.64, 6998.11, 6964.38, 6902.29, 6792.92, 6604.21, 6282.80, 5745.74, 4884.40, 3607.18, 1925.80, 0, -1925.80, -3607.18, -4884.40, -5745.74, -6282.80, -6604.21, -6792.92, -6902.29, -6964.38, -6998.11, -7014.64, -7020.66, -7020.23, -7015.88, -7009.17];
% ALIGNING TORQUE DATA (Mz vs slip angle 'alpha')
% Slip angle (PDF'te -15'ten 15'e gidiyor)
alpha_Mz = [-15, -14, -13, -12, -11, -10, -9, -8, -7, -6, -5, -4, -3, -2, -1, 0, 1, 2, 3, 4, 5, 6, 7, 8, 9, 10, 11, 12, 13, 14, 15];
% Mz values
Mz_3000 = [7.51, 6.99, 6.37, 5.60, 4.67, 3.51, 2.05, 0.22, -2.10, -5.01, -8.51, -12.24, -14.97, -14.53, -9.21, 0, 9.21, 14.53, 14.97, 12.24, 8.51, 5.01, 2.10, -0.22, -2.05, -3.51, -4.67, -5.60, -6.37, -6.99, -7.51];
Mz_5000 = [21.87, 19.97, 17.67, 14.88, 11.44, 7.19, 1.88, -4.77, -13.06, -23.21, -34.91, -46.47, -53.58, -49.68, -30.52, 0, 30.52, 49.68, 53.58, 46.47, 34.91, 23.21, 13.06, 4.77, -1.88, -7.19, -11.44, -14.88, -17.67, -19.97, -21.87];
Mz_7000 = [37.62, 33.27, 28.05, 21.74, 14.08, 4.68, -6.90, -21.21, -38.76, -59.69, -82.93, -104.40, -115.12, -102.84, -61.45, 0, 61.45, 102.84, 115.12, 104.40, 82.93, 59.69, 38.76, 21.21, 6.90, -4.68, -14.08, -21.74, -28.05, -33.27, -37.62];
